[0m[38;2;0;0;0m                 [38;2;2;1;1m [38;2;4;4;4m [38;2;4;5;5m [38;2;0;0;0m [38;2;5;4;5m [38;2;49;47;48m.[38;2;63;60;62m.[38;2;67;65;67m'[38;2;63;60;62m.[38;2;34;33;34m.[38;2;4;3;3m [38;2;2;2;2m [38;2;4;4;4m [38;2;4;4;4m [38;2;2;2;2m [38;2;0;0;0m                  [0m
[0m[38;2;0;0;0m            [38;2;0;0;0m [38;2;4;4;4m [38;2;4;3;3m [38;2;78;75;77m,[38;2;135;131;133ml[38;2;167;161;166mx[38;2;200;192;198m0[38;2;191;183;189mO[38;2;117;108;115mc[38;2;180;169;177mk[38;2;234;223;232mN[38;2;240;229;238mN[38;2;242;229;237mN[38;2;243;231;241mN[38;2;221;210;219mK[38;2;162;150;158md[38;2;131;124;128ml[38;2;197;188;195m0[38;2;200;192;198m0[38;2;151;146;150md[38;2;133;129;132ml[38;2;50;49;49m.[38;2;20;17;10m [38;2;64;55;21m.[38;2;65;56;19m.[38;2;11;9;5m [38;2;0;0;0m [38;2;0;0;0m           [0m
[0m[38;2;0;0;0m          [38;2;0;0;0m [38;2;15;15;15m [38;2;64;64;64m'[38;2;94;92;94m;[38;2;186;178;184mO[38;2;221;208;218mK[38;2;217;201;212mK[38;2;204;186;198m0[38;2;164;148;158md[38;2;149;133;136mo[38;2;189;174;181mk[38;2;237;224;234mN[38;2;166;159;163mx[38;2;204;184;169mO[38;2;229;197;162m0[38;2;192;176;170mO[38;2;182;175;180mk[38;2;239;226;236mN[38;2;167;151;155md[38;2;148;133;137mo[38;2;175;157;170mx[38;2;199;184;195mO[38;2;171;158;155mx[38;2;126;120;123ml[38;2;136;116;89mc[38;2;164;137;89mo[38;2;147;112;32mc[38;2;132;102;31m:[38;2;104;86;29m,[38;2;2;2;2m [38;2;0;0;0m          [0m
[0m[38;2;0;0;0m         [38;2;4;4;4m [38;2;81;80;81m'[38;2;88;87;89m;[38;2;137;130;136ml[38;2;204;192;202m0[38;2;213;196;210mK[38;2;202;184;197mO[38;2;112;102;110m:[38;2;61;61;61m [38;2;22;22;22m [38;2;58;49;40m.[38;2;197;168;159mk[38;2;236;218;208mX[38;2;196;200;175m0[38;2;227;213;171mK[38;2;252;227;187mN[38;2;215;206;164mK[38;2;211;210;198mK[38;2;211;199;208mK[38;2;149;115;103ml[38;2;31;27;23m.[38;2;23;23;23m [38;2;61;52;31m.[38;2;135;113;41mc[38;2;155;131;89mo[38;2;156;85;59m:[38;2;175;80;76m:[38;2;124;74;36m,[38;2;126;102;33m:[38;2;187;145;37md[38;2;3;2;2m [38;2;0;0;0m          [0m
[0m[38;2;0;0;0m         [38;2;2;2;2m [38;2;39;38;39m.[38;2;214;203;211mK[38;2;207;189;202m0[38;2;167;151;163md[38;2;84;84;84m [38;2;21;21;21m [38;2;6;6;6m [38;2;0;0;0m  [38;2;7;7;7m [38;2;52;28;30m.[38;2;127;116;104mc[38;2;187;166;133mk[38;2;214;179;134mO[38;2;205;175;137mO[38;2;218;189;132mO[38;2;179;162;135mx[38;2;84;75;61m,[38;2;53;28;25m.[38;2;3;2;2m [38;2;1;1;1m [38;2;35;28;16m [38;2;169;127;31ml[38;2;139;105;29m:[38;2;152;115;31mc[38;2;152;116;31mc[38;2;181;147;48md[38;2;200;159;62mx[38;2;57;46;28m.[38;2;4;4;4m [38;2;0;0;0m          [0m
[0m[38;2;0;0;0m     [38;2;0;0;0m [38;2;0;0;0m [38;2;0;0;0m  [38;2;2;2;2m [38;2;148;144;148md[38;2;212;195;207m0[38;2;192;175;187mO[38;2;26;24;26m [38;2;3;3;3m [38;2;0;0;0m [38;2;0;0;0m [38;2;4;4;4m [38;2;78;78;78m,[38;2;145;143;141mo[38;2;195;185;158mO[38;2;243;237;215mN[38;2;239;231;199mN[38;2;153;122;66ml[38;2;121;108;78m:[38;2;174;156;101md[38;2;234;228;206mN[38;2;220;214;197mK[38;2;205;197;171m0[38;2;164;159;148mx[38;2;170;153;125md[38;2;216;190;144m0[38;2;152;123;69ml[38;2;71;59;34m.[38;2;54;44;26m.[38;2;121;104;90m:[38;2;195;173;174mO[38;2;225;210;220mX[38;2;80;77;79m,[38;2;2;2;2m [38;2;0;0;0m  [38;2;1;1;1m [38;2;0;0;0m [38;2;0;0;0m      [0m
[0m[38;2;0;0;0m    [38;2;1;1;1m [38;2;79;75;78m,[38;2;33;32;32m.[38;2;4;4;4m [38;2;16;15;15m [38;2;112;108;112m:[38;2;217;204;214mK[38;2;107;98;105m:[38;2;75;75;75m [38;2;3;3;3m [38;2;0;0;0m [38;2;12;10;6m [38;2;121;111;83mc[38;2;190;189;189mO[38;2;202;191;160mO[38;2;199;189;155mO[38;2;222;212;178mK[38;2;218;212;200mK[38;2;223;207;158mK[38;2;156;150;132md[38;2;168;168;168mk[38;2;157;154;143md[38;2;181;163;117mx[38;2;248;243;237mW[38;2;214;182;182m0[38;2;182;133;125md[38;2;190;162;128mx[38;2;194;169;121mk[38;2;198;163;109mx[38;2;163;133;52ml[38;2;149;142;119mo[38;2;5;5;5m [38;2;96;96;96m [38;2;159;145;156md[38;2;207;196;204m0[38;2;70;67;69m'[38;2;9;9;9m [38;2;7;7;7m [38;2;47;45;46m.[38;2;66;63;65m'[38;2;1;1;1m [38;2;0;0;0m     [0m
[0m[38;2;0;0;0m    [38;2;3;3;3m [38;2;5;5;5m [38;2;40;39;40m.[38;2;63;61;63m.[38;2;87;87;87m [38;2;98;98;98m [38;2;47;47;47m [38;2;7;7;7m [38;2;0;0;0m  [38;2;0;0;0m [38;2;26;26;26m [38;2;149;143;129mo[38;2;225;215;188mX[38;2;214;208;190mK[38;2;201;202;200m0[38;2;108;108;106m:[38;2;103;97;76m;[38;2;142;125;74ml[38;2;120;118;118mc[38;2;104;104;104m:[38;2;136;131;128ml[38;2;171;124;101mo[38;2;135;86;71m:[38;2;129;101;74m:[38;2;176;166;137mx[38;2;202;180;113mk[38;2;181;159;95mx[38;2;200;175;102mk[38;2;233;207;125mK[38;2;115;102;64m:[38;2;4;4;4m [38;2;0;0;0m [38;2;17;17;17m [38;2;56;56;56m [38;2;110;110;110m [38;2;6;5;6m [38;2;66;64;65m.[38;2;33;31;33m.[38;2;69;69;69m [38;2;4;4;4m [38;2;0;0;0m     [0m
[0m[38;2;0;0;0m     [38;2;0;0;0m [38;2;3;3;3m [38;2;3;3;3m [38;2;0;0;0m [38;2;0;0;0m    [38;2;2;2;2m [38;2;43;43;43m.[38;2;213;213;212mK[38;2;248;244;231mW[38;2;239;226;186mX[38;2;231;221;186mX[38;2;172;162;131mx[38;2;74;66;46m'[38;2;84;84;82m,[38;2;80;81;81m,[38;2;150;142;141mo[38;2;170;129;128mo[38;2;165;119;119ml[38;2;93;79;79m,[38;2;71;70;70m'[38;2;21;21;20m [38;2;3;3;3m [38;2;181;176;161mk[38;2;205;194;164m0[38;2;208;198;165m0[38;2;10;9;8m [38;2;20;20;20m [38;2;0;0;0m     [38;2;0;0;0m [38;2;3;3;3m [38;2;3;3;3m [38;2;0;0;0m [38;2;0;0;0m      [0m
[0m[38;2;0;0;0m             [38;2;2;2;2m [38;2;44;44;44m [38;2;137;137;136mo[38;2;228;216;179mX[38;2;238;221;161mX[38;2;197;174;106mk[38;2;187;162;104mx[38;2;191;166;95mx[38;2;159;144;133md[38;2;146;104;104mc[38;2;169;130;130mo[38;2;184;172;172mk[38;2;176;176;176mk[38;2;160;160;160mx[38;2;172;172;173mk[38;2;130;130;130ml[38;2;38;38;38m.[38;2;1;1;1m [38;2;3;3;3m [38;2;2;2;2m [38;2;1;1;1m [38;2;0;0;0m                [0m
[0m[38;2;0;0;0m               [38;2;23;23;23m [38;2;105;89;48m;[38;2;178;145;54mo[38;2;141;116;51mc[38;2;229;198;153m0[38;2;227;184;136m0[38;2;198;158;150mk[38;2;236;230;229mN[38;2;231;230;231mN[38;2;205;205;205mK[38;2;224;224;224mX[38;2;249;249;249mW[38;2;251;251;251mM[38;2;230;230;230mN[38;2;220;220;220mX[38;2;149;149;149md[38;2;18;18;18m [38;2;0;0;0m                  [0m
[0m[38;2;0;0;0m                [38;2;6;5;4m [38;2;72;47;32m.[38;2;115;65;50m,[38;2;205;181;166mO[38;2;252;244;230mW[38;2;253;254;252mM[38;2;235;235;235mN[38;2;211;211;211mK[38;2;217;217;217mX[38;2;253;253;253mM[38;2;255;255;255mM[38;2;255;255;255mM[38;2;252;252;252mM[38;2;219;219;219mX[38;2;219;219;219mX[38;2;180;180;180mO[38;2;34;34;34m.[38;2;2;2;2m [38;2;0;0;0m                [0m
[0m[38;2;0;0;0m               [38;2;29;25;13m [38;2;115;88;34m;[38;2;66;29;29m.[38;2;129;123;123ml[38;2;242;239;228mW[38;2;231;226;209mX[38;2;232;231;230mN[38;2;228;227;227mN[38;2;212;212;212mK[38;2;252;252;252mM[38;2;253;252;249mM[38;2;233;228;212mN[38;2;234;228;210mN[38;2;249;247;242mW[38;2;247;248;246mW[38;2;204;204;204mK[38;2;227;227;227mN[38;2;205;207;205mK[38;2;37;38;38m.[38;2;0;0;0m [38;2;0;0;0m               [0m
[0m[38;2;0;0;0m               [38;2;12;12;12m [38;2;19;19;19m [38;2;55;52;42m.[38;2;216;196;129m0[38;2;184;151;58md[38;2;176;143;50mo[38;2;198;168;85mx[38;2;195;168;86mx[38;2;185;164;103mx[38;2;248;235;196mN[38;2;236;210;134mK[38;2;165;134;50mo[38;2;139;112;38mc[38;2;204;172;85mk[38;2;242;215;136mK[38;2;217;194;128m0[38;2;196;167;85mx[38;2;234;202;110m0[38;2;126;109;63mc[38;2;5;5;5m [38;2;0;0;0m               [0m
[0m[38;2;0;0;0m                 [38;2;7;7;7m [38;2;46;46;46m [38;2;34;34;34m [38;2;27;22;8m [38;2;57;53;46m.[38;2;68;65;58m'[38;2;96;85;51m,[38;2;150;126;65ml[38;2;82;66;26m'[38;2;18;15;8m [38;2;23;23;24m [38;2;10;9;5m [38;2;45;45;45m [38;2;54;54;54m [38;2;15;15;15m [38;2;5;5;5m [38;2;6;6;6m [38;2;0;0;0m [38;2;0;0;0m               [0m
[0m[38;2;0;0;0m                    [38;2;8;8;8m [38;2;22;22;22m [38;2;59;59;59m.[38;2;66;66;65m'[38;2;26;26;26m [38;2;0;0;0m [38;2;21;21;21m [38;2;33;33;33m.[38;2;9;9;9m [38;2;0;0;0m                     [0m
[0m[38;2;0;0;0m                    [38;2;5;5;5m [38;2;33;33;33m.[38;2;58;58;58m.[38;2;33;33;33m.[38;2;25;25;25m [38;2;0;0;1m [38;2;1;1;1m [38;2;18;18;18m [38;2;12;12;11m [38;2;0;0;0m                     [0m
[0m[38;2;0;0;0m                    [38;2;1;1;1m [38;2;46;47;47m.[38;2;66;66;66m'[38;2;63;62;62m.[38;2;45;45;45m.[38;2;30;24;18m [38;2;66;55;42m.[38;2;62;49;38m.[38;2;60;49;39m.[38;2;3;3;3m [38;2;0;0;0m                    [0m
[0m[38;2;0;0;0m                    [38;2;5;5;5m [38;2;78;65;54m'[38;2;91;80;69m,[38;2;93;81;69m,[38;2;87;75;61m,[38;2;40;33;26m.[38;2;80;65;47m'[38;2;99;79;58m,[38;2;66;54;42m.[38;2;3;3;3m [38;2;0;0;0m                    [0m
[0m[38;2;0;0;0m                    [38;2;9;9;9m [38;2;64;51;40m.[38;2;122;99;76m:[38;2;131;107;83mc[38;2;108;87;66m;[38;2;27;22;19m [38;2;55;44;34m.[38;2;110;88;66m;[38;2;78;63;49m'[38;2;3;3;3m [38;2;0;0;0m                    [0m
[0m[38;2;0;0;0m                    [38;2;6;6;6m [38;2;33;28;25m.[38;2;123;99;76m:[38;2;140;112;87mc[38;2;78;63;49m'[38;2;15;13;13m [38;2;52;42;31m.[38;2;82;67;50m'[38;2;64;52;40m.[38;2;3;3;3m [38;2;0;0;0m                    [0m
[0m[38;2;0;0;0m                     [38;2;11;11;10m [38;2;89;72;55m'[38;2;124;101;78m:[38;2;72;58;45m.[38;2;12;8;7m [38;2;88;72;53m'[38;2;104;83;62m,[38;2;76;62;49m'[38;2;3;3;3m [38;2;0;0;0m                    [0m
[0m[38;2;0;0;0m                    [38;2;6;6;6m [38;2;39;34;29m.[38;2;117;95;72m:[38;2;119;96;73m:[38;2;117;95;72m:[38;2;43;36;29m.[38;2;36;30;23m.[38;2;50;41;31m.[38;2;26;26;26m [38;2;3;3;3m [38;2;0;0;0m                    [0m
[0m[38;2;0;0;0m                    [38;2;4;4;4m [38;2;4;3;3m [38;2;113;92;72m:[38;2;143;116;90mc[38;2;129;104;81m:[38;2;34;28;24m [38;2;6;6;6m [38;2;2;2;2m [38;2;0;0;0m                      [0m
[0m[38;2;0;0;0m                     [38;2;2;2;2m [38;2;2;2;2m [38;2;51;40;32m.[38;2;29;23;19m [38;2;12;12;12m [38;2;0;0;0m                        [0m
